version https://git-lfs.github.com/spec/v1
oid sha256:6831b7a3e90642fbd95f1db7a98852848db88a3677dc66c52dc37b2a6c24b30d
size 2391
