version https://git-lfs.github.com/spec/v1
oid sha256:9b6e5ee782e52a9e1191cb48f9b67d18033234608a825667e32aaacd1da8c715
size 411709
