version https://git-lfs.github.com/spec/v1
oid sha256:c1dcb045992c18fd6b9ac14e2fda243075534ea224e91253c4a8abd4f59c5bd2
size 961
