version https://git-lfs.github.com/spec/v1
oid sha256:8df7a2b9f55a408e74fadc67cd18f9ebe22e5169830f229235e393463e3a27e7
size 1224745
