version https://git-lfs.github.com/spec/v1
oid sha256:1ad2882a33c61474169793c84e7abf63ef0de1b83713f508b287ed4f2736d9f6
size 1919
